x <- c(1,2,2)